10004
94027
10577
90067
89451
98039
06831
33480
07620
11568
33921
92067
07931
60043
06830
94028
90210
19035
92657
74103
06840
02493
94111
07078
60606
60093
10580
10018
76102
02108
06820
02110
60022
90077
85253
23219
19085
60045
34102
10514
10506
63124
07021
34228
19807
94022
10504
06878
02030
78257
06883
10022
94304
10021
19041
83014
06870
94920
02199
32963
91436
75205
94301
10069
11024
90402
07760
07458
10576
06880
06853
77002
22066
07046
75225
90272
30326
92091
11724
93108
10583
60521
02481
07417
77024
90212
28207
11030
02109
34108
10538
20854
07924
07945
10028
60611
01770
10017
33786
20198
94062